0.215423583984375
0.22542524337768555
0.19547677040100098
0.2074449062347412
0.20544862747192383
0.2293834686279297
0.2214367389678955
0.2373640537261963
0.2014617919921875
0.21143341064453125
0.2872312068939209
0.2184157371520996
0.22291254997253418
0.28725361824035645
0.2124311923980713
0.2573091983795166
0.1934816837310791
0.21242952346801758
0.2593071460723877
0.21143341064453125
0.2762598991394043
0.2293848991394043
0.22838807106018066
0.22143769264221191
0.23191452026367188
0.30720996856689453
0.24933457374572754
0.2214062213897705
0.27725839614868164
0.28926753997802734
0.2124488353729248
0.21642327308654785
0.2902226448059082
0.2772819995880127
0.22440075874328613
0.2108924388885498
0.22889447212219238
0.2234041690826416
0.22941327095031738
0.220412015914917
0.33011913299560547
0.22240614891052246
0.2593050003051758
0.21143507957458496
0.2263948917388916
0.2184443473815918
0.19248461723327637
0.20350384712219238
0.19910359382629395
0.22938871383666992
0.2014617919921875
0.2064504623413086
0.21043634414672852
0.21149444580078125
0.2818765640258789
0.27227187156677246
0.22040939331054688
0.2124323844909668
0.21442627906799316
0.22344183921813965
0.270310640335083
0.22539663314819336
0.26531982421875
0.22140836715698242
0.31617164611816406
0.21445631980895996
0.24535417556762695
0.20748090744018555
